 1986   1.46  -4.02   2.86  -0.93   2.16  -1.29   0.88  -2.21  -1.34   2.27   3.41   3.42    0.56
 1987  -2.12  -0.24   0.29   2.59  -0.81  -0.58  -1.25  -2.99   1.27  -0.80  -0.67  -0.81   -0.51
 1988   0.53  -0.11   0.78  -2.39  -1.24  -2.75   1.46   0.73   0.80  -2.02  -1.47   1.85   -0.32
 1989   3.53   3.61   2.45  -0.48   1.16  -0.53   0.58   1.76  -0.96   0.88  -2.97  -2.23    0.57
 1990   3.50   5.11   3.11   1.77  -1.19   0.42   1.43   3.31  -0.99  -0.59  -1.48   0.34    1.23
 1991   1.87  -0.02  -1.37   1.48  -0.04  -0.31  -0.28   2.71  -1.12  -1.77   1.68   1.24    0.34
 1992   0.64   3.18   1.66   1.32   0.79  -1.74   1.04   3.97   0.99  -3.33   4.52   0.21    1.11
 1993   3.91   0.11   1.47   0.83  -2.59   0.16   0.64   0.75  -2.60  -4.13   0.77   2.17    0.12
 1994   1.28   0.07   3.68   1.38  -1.43   2.98  -0.09  -1.59  -2.85  -1.88   1.68   2.86    0.51
 1995   2.70   3.13   1.06  -1.81  -0.36  -3.36  -0.96  -1.33  -1.55   1.22  -2.73  -3.33   -0.61
 1996  -3.27  -0.12  -2.57  -0.31  -1.50   1.43   1.47  -0.19  -2.23  -0.07  -0.05  -4.70   -1.01
 1997  -1.95   5.26   2.09  -0.97  -1.35  -4.05   1.18   1.78  -0.67  -2.26  -0.99  -0.20   -0.18

